hibiya
8 
48 
20 
24 
7 
11 
11 
4 
712 
637 
4 
26 
206 
41 
210 
37 
220 
15 
221 
0 
0 
0 
0 
0 
0 
0 
0 
25 
46 
0 
0 
0 
0 
0 
64 
0 
0 
0 
1 
1 
0 
0 
0 
1 
0 
0 
0 
0 
0 
8 
0 
0 
52 
6 
1878 
0 
1 
0 
0 
1 
1 
1 
1 
1 
1 
2 
0 
0 
0 
0 
0 
0 
3 
2 
4 
0 
-1 
0 
0 
0 
0 
0 
0 
3 
0 
1 
1 
1 
20 
26 
0 
1 
2 
1 
0 
1 
0 
1 
0 
4 
0 
2 
0 
0 
15 
1 
15 
0 
8 
0 
0 
1 
1 
0 
0 
0 
0 
4 
2 
2 
1 
0 
3 
0 
1 
0 
0 
1 
3 
0 
0 
1 
2 
0 
0 
1 
0 
2 
1 
0 
1 
0 
0 
0 
0 
0 
0 
0 
0 
0 
0 
0 
0 
0 
0 
0 
0 
0 
0 
1 
1 
1 
1 
1 
1 
1 
0 
0 
1 
1 
0 
0 
0 
1 
1 
0 
1 
1 
1 
1 
0 
0 
0 
0 
0 
0 
0 
0 
0 
0 
0 
0 
0 
0 
0 
0 
0 
0 
0 
0 
0 
0 
0 
0 
0 
0 
0 
0 
0 
0 
0 
0 
0 
0 
0 
0 
0 
0 
0 
0 
0 
0 
0 
0 
0 
0 
0 
0 
0 
205 
4 
1 
0 
2 
0 
0 
0 
0 
0 
0 
0 
0 
0 
0 
0 
0 
0 
0 
0 
0 
0 
0 
0 
0 
0 
0 
0 
0 
0 
0 
0 
0 
0 
0 
0 
0 
0 
0 
0 
0 
0 
0 
0 
0 
0 
0 
0 
0 
0 
1 
0 
0 
0 
1 
0 
0 
0 
0 
0 
1 
0 
0 
0 
0 
8 
0 
0 
0 
1 
1 
0 
0 
0 
0 
2 
0 
0 
0 
0 
0 
0 
0 
1 
0 
0 
0 
0 
0 
1 
0 
0 
0 
0 
0 
0 
0 
0 
0 
0 
3 
13 
0 
0 
0 
0 
0 
0 
0 
0 
999 
0 
0 
0 
0 
0 
0 
0 
0 
0 
0 
0 
0 
0 
0 
0 
0 
0 
0 
0 
0 
0 
0 
0 
0 
0 
0 
0 
0 
0 
0 
0 
0 
0 
0 
0 
0 
0 
0 
0 
1 
-575 
1 
0 
2 
1 
0 
6 
9 
0 
0 
0 
0 
0 
0 
0 
0 
0 
0 
26 
2 
1 
0 
1 
1 
1 
0 
0 
30 
1 
0 
0 
5 
0 
0 
2 
1 
0 
0 
0 
0 
1 
0 
0 
0 
6 
6 
0 
4 
1 
1 
0 
0 
0 
0 
0 
0 
0 
4 
1 
0 
0 
0 
2 
0 
0 
0 
0 
0 
0 
0 
0 
0 
0 
0 
0 
0 
0 
0 
0 
0 
0 
0 
0 
1 
0 
0 
0 
0 
0 
2 
0 
0 
0 
0 
0 
0 
0 
0 
0 
0 
0 
0 
0 
0 
0 
0 
0 
1 
2 
3 
1 
0 
0 
0 
0 
0 
0 
0 
0 
0 
0 
0 
0 
0 
0 
0 
0 
0 
0 
0 
0 
0 
0 
0 
0 
0 
0 
0 
0 
0 
0 
0 
0 
0 
0 
6 
0 
0 
0 
0 
0 
0 
0 
0 
0 
0 
0 
0 
0 
0 
0 
168 
1 
1 
1 
291 
183 
557766 